13
108
144
56
101
256
58
3
150
69
179
39
42
91
226
5
215
182
10
92
133
174
67
208
90
160
1
24
152
124
11
130
49
63
54
148
120
30
118
132
104
194
145
217
50
241
201
84
244
27
131
71
253
73
187
237
222
245
127
100
210
138
196
247
37
188
173
6
211
20
8
166
60
172
25
189
220
136
257
57
161
167
65
96
242
140
224
103
198
230
192
236
243
219
87
52
170
153
231
223
116
158
46
199
17
12
86
129
142
228
240
248
122
203
105
69
74
43
59
171
156
44
232
178
14
41
139
259
197
185
175
82
258
162
68
151
23
135
51
39
235
106
63
216
182
70
146
201
157
94
154
112
147
30
148
169
250
121
11
85
42
78
77
217
155
81
18
138
144
115
79
187
95
100
227
37
128
193
126
113
99
60
61
65
254
177
88
160
206
9
184
102
28
31
124
150
38
123
16
22
117
57
97
29
170
130
76
132
233
4
149
176
58
90
229
110
98
114
86
179
186
171
180
19
145
209
204
221
158
188
207
118
125
32
92
43
159
238
194
255
69
33
105
15
196
89
23
40
172
106
82
161
244
44
3
30
234
71
111
151
153
252
241
39
156
203
189
199
214
18
258
93
51
215
239
154
223
198
100
245
77
24
91
192
148
237
137
27
45
190
13
52
70
253
60
17
87
42
200
247
63
26
49
222
14
47
236
128
38
202
61
95
134
54
84
133
6
235
80
109
135
119
174
165
9
254
108
53
213
117
124
246
59
75
224
186
96
46
103
219
127
22
233
88
168
191
122
243
74
176
206
242
104
169
64
220
76
166
175
48
138
209
162
5
30
150
182
161
15
144
231
34
25
10
211
196
114
118
106
203
86
151
51
171
255
173
189
40
204
67
102
160
146
210
112
69
185
187
199
12
183
33
50
158
63
215
41
20
238
60
49
110
188
90
223
120
140
178
134
85
216
257
14
47
98
148
131
68
198
256
190
97
23
143
194
246
251
128
137
35
241
108
230
18
139
46
239
8
170
105
32
55
79
57
87
61
99
167
165
88
116
152
94
236
172
81
124
42
53
212
5
27
19
93
83
192
157
154
233
179
125
182
193
231
130
59
249
65
174
221
6
226
219
258
22
181
45
7
176
10
203
25
173
202
3
80
235
147
78
56
200
101
118
119
54
96
210
166
135
91
2
201
52
15
48
38
104
208
184
252
211
238
90
131
220
129
180
60
77
162
136
92
194
137
18
177
257
112
107
114
246
29
105
254
251
110
35
123
138
62
188
185
88
14
68
207
84
98
42
74
139
151
250
218
67
171
64
167
63
41
26
108
153
75
145
81
17
116
124
175
72
31
120
170
21
205
9
102
127
106
165
214
256
40
224
223
46
152
20
235
240
140
239
247
228
27
232
58
101
55
245
87
198
216
154
79
12
242
158
210
100
2
13
128
186
225
211
249
192
126
203
24
156
150
187
206
199
47
86
217
229
32
179
236
254
133
160
16
65
230
7
117
69
37
204
226
172
92
138
6
82
227
43
190
246
241
98
144
193
166
197
155
88
188
15
60
52
238
67
157
45
253
125
141
222
251
244
93
148
177
105
30
3
130
81
231
36
97
248
153
95
104
184
134
70
5
51
72
48
118
40
127
175
219
33
215
228
167
223
56
120
200
54
108
145
58
99
124
152
151
29
149
183
257
84
181
178
171
41
24
10
91
100
64
229
119
218
13
182
16
23
201
250
107
160
86
66
112
2
87
136
27
121
236
8
94
137
255
123
142
31
209
155
143
206
138
44
43
103
170
192
217
154
131
193
63
89
82
67
159
90
232
30
135
140
146
238
220
11
62
78
147
59
174
207
234
235
198
28
49
199
243
96
189
17
180
26
39
259
102
202
76
216
37
74
55
22
173
184
231
70
134
256
227
88
81
12
124
48
71
210
92
165
222
252
115
15
80
106
9
79
93
41
152
120
104
127
203
5
107
113
181
97
167
129
36
205
94
87
156
186
240
72
50
248
47
19
114
6
77
155
257
64
179
254
31
100
236
123
229
190
40
130
33
21
42
4
63
145
188
86
183
91
101
78
144
226
58
32
99
209
116
159
199
56
52
54
177
250
224
243
211
69
212
3
96
259
44
105
27
10
122
164
133
232
74
215
151
158
242
193
245
230
150
23
65
1
24
118
139
111
85
134
7
187
39
51
185
124
135
175
49
201
227
166
68
126
216
170
255
247
219
43
109
178
153
140
102
203
161
206
184
79
5
46
26
148
174
115
132
233
73
222
228
181
66
190
240
235
53
221
4
77
163
251
12
198
156
263
195
41
167
189
148
106
235
137
170
152
274
90
204
182
141
161
281
265
73
199
83
188
6
54
115
63
7
200
66
192
149
257
183
15
17
119
221
112
120
194
112
239
143
54
92
202
191
150
280
271
271
153
264
249
116
160
152
24
198
141
29
188
44
235
189
207
205
51
224
285
140
236
97
5
30
237
210
149
31
60
115
215
43
115
2
249
200
190
123
106
139
126
207
242
113
159
210
252
48
237
60
290
30
127
46
